'rABUhA ΧΠ.

sistens· pondus specificam Alcoholi⁸ aqua diluti, per singulm
partes centesimas voluminis Alcoholis digesta, auctore 'ramma

Thermomotri Renum. Grad. 12,44 = 15‚55 Ceut. = 60 Fahrenheit.

  

d

d
d

 

  

 

 

 

      
  

,³:243- ·ξτ Ξιὲἕῑ ‘³5’ Ξ ᾆξ’-ἒ ’ἐξ Ξ
555- Ξὲ 5 555- 525- 5 55} 5³5· Ξ
ἔξει ΞΕ Ξ. ¹ ξ.Ξὲ- ἐξ Ξ. ἒζὲῖ, ἓξ ξ.
τ 9 P
ο 099111 34 09596 68 08941 2
1 offlam? 2} , 35 09583ζ {3 69 08917ζ 2ζ
2 01111111 11 3 36 09570 11 70 08892 23
3 estu-1³15> 11 1 37 09556> 13 71 08867> 23
4 0111133 11 1 38 09541 15 72 08842 ' 25
5 04512115] 13 39 09526 16 73 08817 26
6 01191111 12 40 09510 16 08791 26
7 01181111 1·2 41 09494 13 08765 26
8 00631 12 42 09478 17 08739 27
9 0111111111 12 43 09461 17 08712 27
10 0111157- 12 1 44 09444 17 ·‚ 11111183 2⁷
11 01194 3 11 45 09427 13 091153 2⁷
12 011934 11 46 09409 18 nse-:631 28
13 0191123 11 47 09391 18 04111113 28
15 00902 11 49 09354 12 0115 17 29
16 09791 10 50 09335 20 09318 30
17 09781 10 51 09315 20 08488 30
18 09771 111 ¹ 52 0,9295 20 08458 31)
19 09761 10 53 09275 21 08428 31
20 09751 10 54 09254 20 08397 32
21 09741 10 55 09234 21 ‚ 0‚8365 33 Α
22 09731 1 1 56 09213 21 08332 33
23 09720 10 57 · 019192 22 08299 31
24 09710 10 58 09170 22 08265 35
25 09700 11 , 59 09148 22 08230 36
26 09689 10 60 09126 22 08194 37
27 09679 1 61 09104 23 08157 3
28 09668 11 62 09082 123 08118 4²¹³
29 09657 12 63 09059 23 08077 13
30 09646 12 64 09036 21 08034
3 3131 1³ 3 133 22 933 23
5 1 ²¹² “
33 09609 {g 67 08965 {2

 

 

